512
1 0 -2
2 1 2
3 2 -2
4 3 2
5 4 2
6 5 2
7 6 2
0 7 2
9 8 2
10 9 2
11 10 2
12 11 -2
13 12 -2
14 13 -2
15 14 2
8 15 -2
17 16 2
18 17 -2
19 18 -2
20 19 2
21 20 2
22 21 -2
23 22 -2
16 23 2
25 24 -2
26 25 -2
27 26 2
28 27 2
29 28 -2
30 29 -2
31 30 2
24 31 2
33 32 -2
34 33 2
35 34 2
36 35 -2
37 36 -2
38 37 -2
39 38 -2
32 39 2
41 40 2
42 41 2
43 42 -2
44 43 2
45 44 2
46 45 2
47 46 2
40 47 -2
49 48 2
50 49 2
51 50 -2
52 51 -2
53 52 -2
54 53 2
55 54 2
48 55 -2
57 56 2
58 57 -2
59 58 -2
60 59 2
61 60 -2
62 61 2
63 62 2
56 63 2
8 0 2
9 1 -2
10 2 -2
11 3 -2
12 4 2
13 5 -2
14 6 2
15 7 -2
16 8 2
17 9 2
18 10 -2
19 11 -2
20 12 -2
21 13 -2
22 14 -2
23 15 2
24 16 2
25 17 -2
26 18 2
27 19 -2
28 20 2
29 21 2
30 22 -2
31 23 2
32 24 -2
33 25 -2
34 26 2
35 27 -2
36 28 -2
37 29 2
38 30 2
39 31 -2
40 32 2
41 33 -2
42 34 -2
43 35 -2
44 36 -2
45 37 -2
46 38 2
47 39 2
48 40 -2
49 41 -2
50 42 2
51 43 2
52 44 2
53 45 -2
54 46 2
55 47 2
56 48 2
57 49 2
58 50 2
59 51 2
60 52 2
61 53 -2
62 54 2
63 55 2
0 56 2
1 57 -2
2 58 2
3 59 2
4 60 2
5 61 -2
6 62 -2
7 63 -2
64 0 -2
65 1 -2
66 2 -2
67 3 2
68 4 2
69 5 -2
70 6 -2
71 7 -2
72 8 -2
73 9 2
74 10 -2
75 11 2
76 12 2
77 13 -2
78 14 2
79 15 -2
80 16 -2
81 17 2
82 18 2
83 19 2
84 20 -2
85 21 2
86 22 2
87 23 2
88 24 2
89 25 2
90 26 2
91 27 2
92 28 2
93 29 -2
94 30 2
95 31 2
96 32 -2
97 33 -2
98 34 -2
99 35 -2
100 36 -2
101 37 2
102 38 -2
103 39 2
104 40 -2
105 41 -2
106 42 -2
107 43 -2
108 44 2
109 45 -2
110 46 -2
111 47 -2
112 48 -2
113 49 -2
114 50 -2
115 51 2
116 52 -2
117 53 -2
118 54 2
119 55 -2
120 56 2
121 57 -2
122 58 2
123 59 2
124 60 -2
125 61 -2
126 62 -2
127 63 -2
65 64 2
66 65 2
67 66 -2
68 67 -2
69 68 2
70 69 -2
71 70 2
64 71 2
73 72 2
74 73 -2
75 74 2
76 75 2
77 76 2
78 77 -2
79 78 2
72 79 2
81 80 2
82 81 -2
83 82 2
84 83 2
85 84 -2
86 85 -2
87 86 -2
80 87 -2
89 88 2
90 89 2
91 90 2
92 91 -2
93 92 -2
94 93 -2
95 94 2
88 95 -2
97 96 2
98 97 -2
99 98 -2
100 99 2
101 100 -2
102 101 2
103 102 2
96 103 2
105 104 -2
106 105 2
107 106 2
108 107 -2
109 108 2
110 109 2
111 110 2
104 111 -2
113 112 2
114 113 2
115 114 2
116 115 2
117 116 -2
118 117 2
119 118 2
112 119 -2
121 120 2
122 121 -2
123 122 -2
124 123 2
125 124 2
126 125 2
127 126 2
120 127 -2
72 64 2
73 65 -2
74 66 2
75 67 -2
76 68 2
77 69 -2
78 70 -2
79 71 -2
80 72 2
81 73 -2
82 74 -2
83 75 -2
84 76 2
85 77 -2
86 78 -2
87 79 2
88 80 -2
89 81 2
90 82 -2
91 83 -2
92 84 2
93 85 2
94 86 2
95 87 2
96 88 -2
97 89 2
98 90 2
99 91 2
100 92 -2
101 93 -2
102 94 -2
103 95 -2
104 96 -2
105 97 -2
106 98 2
107 99 2
108 100 -2
109 101 2
110 102 2
111 103 2
112 104 2
113 105 -2
114 106 -2
115 107 2
116 108 -2
117 109 2
118 110 2
119 111 -2
120 112 -2
121 113 2
122 114 -2
123 115 -2
124 116 2
125 117 -2
126 118 2
127 119 -2
64 120 -2
65 121 -2
66 122 -2
67 123 -2
68 124 -2
69 125 -2
70 126 2
71 127 2
128 64 -2
129 65 -2
130 66 -2
131 67 -2
132 68 2
133 69 2
134 70 -2
135 71 -2
136 72 2
137 73 -2
138 74 2
139 75 2
140 76 2
141 77 2
142 78 -2
143 79 -2
144 80 -2
145 81 -2
146 82 -2
147 83 2
148 84 -2
149 85 2
150 86 -2
151 87 -2
152 88 -2
153 89 2
154 90 2
155 91 2
156 92 -2
157 93 2
158 94 -2
159 95 -2
160 96 2
161 97 -2
162 98 -2
163 99 2
164 100 -2
165 101 -2
166 102 -2
167 103 -2
168 104 2
169 105 -2
170 106 -2
171 107 2
172 108 -2
173 109 2
174 110 2
175 111 -2
176 112 -2
177 113 2
178 114 2
179 115 2
180 116 2
181 117 -2
182 118 -2
183 119 -2
184 120 -2
185 121 2
186 122 2
187 123 -2
188 124 2
189 125 -2
190 126 -2
191 127 2
129 128 -2
130 129 2
131 130 2
132 131 -2
133 132 2
134 133 -2
135 134 2
128 135 2
137 136 -2
138 137 -2
139 138 2
140 139 2
141 140 -2
142 141 -2
143 142 2
136 143 2
145 144 2
146 145 2
147 146 -2
148 147 -2
149 148 -2
150 149 -2
151 150 2
144 151 -2
153 152 2
154 153 2
155 154 -2
156 155 2
157 156 -2
158 157 -2
159 158 2
152 159 2
161 160 -2
162 161 -2
163 162 2
164 163 -2
165 164 -2
166 165 -2
167 166 -2
160 167 2
169 168 -2
170 169 -2
171 170 -2
172 171 2
173 172 2
174 173 2
175 174 2
168 175 -2
177 176 -2
178 177 -2
179 178 2
180 179 -2
181 180 2
182 181 2
183 182 2
176 183 -2
185 184 -2
186 185 2
187 186 2
188 187 2
189 188 2
190 189 -2
191 190 2
184 191 2
136 128 2
137 129 -2
138 130 -2
139 131 2
140 132 -2
141 133 -2
142 134 2
143 135 2
144 136 -2
145 137 2
146 138 2
147 139 -2
148 140 -2
149 141 -2
150 142 2
151 143 -2
152 144 -2
153 145 -2
154 146 2
155 147 2
156 148 -2
157 149 -2
158 150 2
159 151 -2
160 152 -2
161 153 -2
162 154 2
163 155 2
164 156 -2
165 157 2
166 158 2
167 159 -2
168 160 -2
169 161 2
170 162 2
171 163 -2
172 164 2
173 165 -2
174 166 2
175 167 2
176 168 -2
177 169 -2
178 170 -2
179 171 -2
180 172 2
181 173 -2
182 174 2
183 175 2
184 176 -2
185 177 2
186 178 -2
187 179 2
188 180 -2
189 181 2
190 182 -2
191 183 -2
128 184 -2
129 185 -2
130 186 -2
131 187 -2
132 188 2
133 189 2
134 190 2
135 191 -2
192 128 2
193 129 -2
194 130 -2
195 131 2
196 132 -2
197 133 2
198 134 -2
199 135 -2
200 136 -2
201 137 2
202 138 2
203 139 2
204 140 -2
205 141 2
206 142 2
207 143 2
208 144 2
209 145 -2
210 146 -2
211 147 2
212 148 -2
213 149 -2
214 150 -2
215 151 2
216 152 2
217 153 -2
218 154 -2
219 155 -2
220 156 2
221 157 -2
222 158 -2
223 159 -2
224 160 2
225 161 -2
226 162 -2
227 163 2
228 164 -2
229 165 -2
230 166 -2
231 167 2
232 168 2
233 169 -2
234 170 2
235 171 2
236 172 -2
237 173 -2
238 174 -2
239 175 -2
240 176 2
241 177 2
242 178 2
243 179 -2
244 180 -2
245 181 -2
246 182 -2
247 183 2
248 184 2
249 185 -2
250 186 2
251 187 2
252 188 -2
253 189 2
254 190 2
255 191 2
193 192 2
194 193 2
195 194 2
196 195 -2
197 196 -2
198 197 2
199 198 2
192 199 2
201 200 2
202 201 2
203 202 -2
204 203 -2
205 204 -2
206 205 2
207 206 2
200 207 2
209 208 2
210 209 2
211 210 2
212 211 2
213 212 2
214 213 -2
215 214 -2
208 215 -2
217 216 -2
218 217 -2
219 218 2
220 219 2
221 220 2
222 221 -2
223 222 -2
216 223 2
225 224 -2
226 225 2
227 226 2
228 227 2
229 228 -2
230 229 2
231 230 2
224 231 -2
233 232 2
234 233 2
235 234 2
236 235 2
237 236 2
238 237 -2
239 238 2
232 239 2
241 240 2
242 241 -2
243 242 -2
244 243 -2
245 244 -2
246 245 -2
247 246 -2
240 247 2
249 248 -2
250 249 -2
251 250 2
252 251 2
253 252 2
254 253 2
255 254 -2
248 255 2
200 192 -2
201 193 2
202 194 -2
203 195 -2
204 196 -2
205 197 -2
206 198 2
207 199 2
208 200 -2
209 201 -2
210 202 2
211 203 2
212 204 -2
213 205 -2
214 206 2
215 207 2
216 208 2
217 209 -2
218 210 2
219 211 -2
220 212 2
221 213 -2
222 214 -2
223 215 2
224 216 -2
225 217 -2
226 218 -2
227 219 2
228 220 2
229 221 -2
230 222 2
231 223 -2
232 224 2
233 225 2
234 226 2
235 227 -2
236 228 2
237 229 -2
238 230 2
239 231 -2
240 232 2
241 233 -2
242 234 -2
243 235 2
244 236 -2
245 237 2
246 238 -2
247 239 -2
248 240 2
249 241 -2
250 242 2
251 243 2
252 244 2
253 245 -2
254 246 -2
255 247 -2
192 248 2
193 249 -2
194 250 2
195 251 -2
196 252 2
197 253 2
198 254 2
199 255 2
256 192 -2
257 193 -2
258 194 -2
259 195 2
260 196 2
261 197 -2
262 198 -2
263 199 -2
264 200 2
265 201 2
266 202 -2
267 203 -2
268 204 2
269 205 2
270 206 2
271 207 2
272 208 2
273 209 -2
274 210 -2
275 211 -2
276 212 2
277 213 -2
278 214 -2
279 215 -2
280 216 -2
281 217 2
282 218 2
283 219 -2
284 220 2
285 221 2
286 222 2
287 223 2
288 224 2
289 225 -2
290 226 -2
291 227 -2
292 228 -2
293 229 2
294 230 2
295 231 2
296 232 2
297 233 2
298 234 2
299 235 -2
300 236 2
301 237 -2
302 238 -2
303 239 2
304 240 -2
305 241 -2
306 242 -2
307 243 -2
308 244 -2
309 245 -2
310 246 2
311 247 -2
312 248 -2
313 249 -2
314 250 2
315 251 -2
316 252 -2
317 253 -2
318 254 2
319 255 -2
257 256 -2
258 257 -2
259 258 -2
260 259 2
261 260 2
262 261 -2
263 262 2
256 263 2
265 264 2
266 265 -2
267 266 2
268 267 2
269 268 2
270 269 2
271 270 -2
264 271 2
273 272 -2
274 273 2
275 274 2
276 275 -2
277 276 -2
278 277 -2
279 278 2
272 279 -2
281 280 2
282 281 2
283 282 2
284 283 2
285 284 -2
286 285 -2
287 286 2
280 287 -2
289 288 -2
290 289 -2
291 290 2
292 291 2
293 292 -2
294 293 -2
295 294 2
288 295 2
297 296 2
298 297 -2
299 298 -2
300 299 2
301 300 -2
302 301 2
303 302 2
296 303 2
305 304 2
306 305 2
307 306 -2
308 307 -2
309 308 -2
310 309 -2
311 310 -2
304 311 2
313 312 -2
314 313 2
315 314 -2
316 315 -2
317 316 -2
318 317 -2
319 318 -2
312 319 -2
264 256 2
265 257 -2
266 258 -2
267 259 2
268 260 2
269 261 -2
270 262 -2
271 263 2
272 264 2
273 265 -2
274 266 -2
275 267 2
276 268 -2
277 269 2
278 270 -2
279 271 2
280 272 -2
281 273 -2
282 274 -2
283 275 2
284 276 2
285 277 2
286 278 -2
287 279 -2
288 280 -2
289 281 2
290 282 -2
291 283 -2
292 284 -2
293 285 -2
294 286 -2
295 287 2
296 288 -2
297 289 -2
298 290 -2
299 291 2
300 292 2
301 293 -2
302 294 2
303 295 2
304 296 -2
305 297 2
306 298 2
307 299 2
308 300 -2
309 301 -2
310 302 -2
311 303 2
312 304 2
313 305 -2
314 306 2
315 307 -2
316 308 2
317 309 -2
318 310 -2
319 311 -2
256 312 2
257 313 2
258 314 -2
259 315 -2
260 316 2
261 317 2
262 318 -2
263 319 2
320 256 -2
321 257 2
322 258 -2
323 259 2
324 260 2
325 261 2
326 262 -2
327 263 2
328 264 2
329 265 -2
330 266 2
331 267 2
332 268 2
333 269 -2
334 270 2
335 271 -2
336 272 -2
337 273 2
338 274 -2
339 275 2
340 276 -2
341 277 2
342 278 2
343 279 2
344 280 2
345 281 2
346 282 2
347 283 2
348 284 2
349 285 -2
350 286 -2
351 287 2
352 288 -2
353 289 -2
354 290 -2
355 291 2
356 292 -2
357 293 2
358 294 -2
359 295 -2
360 296 -2
361 297 -2
362 298 -2
363 299 2
364 300 2
365 301 -2
366 302 2
367 303 -2
368 304 2
369 305 -2
370 306 -2
371 307 2
372 308 -2
373 309 -2
374 310 -2
375 311 -2
376 312 -2
377 313 -2
378 314 -2
379 315 2
380 316 -2
381 317 2
382 318 -2
383 319 2
321 320 2
322 321 -2
323 322 2
324 323 2
325 324 2
326 325 2
327 326 2
320 327 2
329 328 -2
330 329 -2
331 330 -2
332 331 2
333 332 -2
334 333 2
335 334 2
328 335 -2
337 336 2
338 337 -2
339 338 -2
340 339 -2
341 340 2
342 341 2
343 342 2
336 343 2
345 344 -2
346 345 -2
347 346 2
348 347 -2
349 348 2
350 349 2
351 350 -2
344 351 -2
353 352 -2
354 353 -2
355 354 2
356 355 -2
357 356 -2
358 357 2
359 358 -2
352 359 -2
361 360 -2
362 361 2
363 362 2
364 363 2
365 364 -2
366 365 2
367 366 2
360 367 -2
369 368 2
370 369 2
371 370 2
372 371 2
373 372 -2
374 373 -2
375 374 2
368 375 -2
377 376 -2
378 377 -2
379 378 2
380 379 2
381 380 -2
382 381 -2
383 382 -2
376 383 -2
328 320 2
329 321 2
330 322 2
331 323 2
332 324 2
333 325 2
334 326 2
335 327 -2
336 328 2
337 329 -2
338 330 2
339 331 -2
340 332 -2
341 333 2
342 334 -2
343 335 -2
344 336 2
345 337 -2
346 338 -2
347 339 2
348 340 -2
349 341 2
350 342 -2
351 343 2
352 344 2
353 345 2
354 346 2
355 347 -2
356 348 2
357 349 2
358 350 -2
359 351 2
360 352 2
361 353 2
362 354 2
363 355 2
364 356 -2
365 357 -2
366 358 -2
367 359 2
368 360 -2
369 361 2
370 362 -2
371 363 2
372 364 -2
373 365 -2
374 366 -2
375 367 2
376 368 -2
377 369 -2
378 370 -2
379 371 2
380 372 2
381 373 2
382 374 2
383 375 2
320 376 -2
321 377 -2
322 378 -2
323 379 -2
324 380 -2
325 381 -2
326 382 2
327 383 -2
384 320 2
385 321 -2
386 322 2
387 323 2
388 324 2
389 325 2
390 326 2
391 327 -2
392 328 -2
393 329 -2
394 330 -2
395 331 2
396 332 -2
397 333 -2
398 334 2
399 335 2
400 336 2
401 337 -2
402 338 -2
403 339 -2
404 340 -2
405 341 2
406 342 2
407 343 -2
408 344 2
409 345 2
410 346 2
411 347 2
412 348 -2
413 349 2
414 350 2
415 351 2
416 352 2
417 353 -2
418 354 -2
419 355 2
420 356 2
421 357 2
422 358 -2
423 359 2
424 360 -2
425 361 -2
426 362 -2
427 363 2
428 364 -2
429 365 2
430 366 -2
431 367 2
432 368 2
433 369 2
434 370 -2
435 371 -2
436 372 2
437 373 -2
438 374 2
439 375 2
440 376 -2
441 377 2
442 378 2
443 379 2
444 380 2
445 381 -2
446 382 -2
447 383 2
385 384 -2
386 385 -2
387 386 -2
388 387 2
389 388 -2
390 389 -2
391 390 -2
384 391 2
393 392 2
394 393 -2
395 394 2
396 395 -2
397 396 -2
398 397 -2
399 398 -2
392 399 2
401 400 -2
402 401 -2
403 402 2
404 403 2
405 404 -2
406 405 -2
407 406 2
400 407 -2
409 408 -2
410 409 2
411 410 -2
412 411 2
413 412 2
414 413 -2
415 414 2
408 415 -2
417 416 -2
418 417 2
419 418 -2
420 419 2
421 420 -2
422 421 2
423 422 2
416 423 -2
425 424 -2
426 425 -2
427 426 -2
428 427 2
429 428 -2
430 429 -2
431 430 -2
424 431 -2
433 432 2
434 433 2
435 434 -2
436 435 2
437 436 -2
438 437 -2
439 438 -2
432 439 -2
441 440 2
442 441 2
443 442 2
444 443 -2
445 444 2
446 445 -2
447 446 -2
440 447 2
392 384 -2
393 385 2
394 386 -2
395 387 2
396 388 -2
397 389 2
398 390 2
399 391 2
400 392 -2
401 393 2
402 394 2
403 395 -2
404 396 2
405 397 -2
406 398 -2
407 399 2
408 400 -2
409 401 -2
410 402 2
411 403 -2
412 404 -2
413 405 2
414 406 2
415 407 -2
416 408 2
417 409 2
418 410 2
419 411 -2
420 412 2
421 413 2
422 414 -2
423 415 2
424 416 -2
425 417 2
426 418 -2
427 419 2
428 420 -2
429 421 -2
430 422 -2
431 423 2
432 424 2
433 425 -2
434 426 2
435 427 2
436 428 -2
437 429 -2
438 430 -2
439 431 2
440 432 2
441 433 2
442 434 2
443 435 -2
444 436 2
445 437 2
446 438 2
447 439 2
384 440 -2
385 441 -2
386 442 -2
387 443 2
388 444 2
389 445 -2
390 446 2
391 447 2
448 384 2
449 385 -2
450 386 -2
451 387 -2
452 388 2
453 389 -2
454 390 2
455 391 2
456 392 2
457 393 -2
458 394 -2
459 395 2
460 396 2
461 397 2
462 398 -2
463 399 -2
464 400 2
465 401 2
466 402 -2
467 403 -2
468 404 -2
469 405 -2
470 406 2
471 407 2
472 408 -2
473 409 2
474 410 2
475 411 -2
476 412 2
477 413 -2
478 414 2
479 415 -2
480 416 -2
481 417 -2
482 418 2
483 419 2
484 420 2
485 421 2
486 422 2
487 423 2
488 424 -2
489 425 -2
490 426 2
491 427 -2
492 428 2
493 429 -2
494 430 2
495 431 -2
496 432 2
497 433 2
498 434 2
499 435 -2
500 436 2
501 437 2
502 438 -2
503 439 -2
504 440 2
505 441 2
506 442 -2
507 443 2
508 444 2
509 445 -2
510 446 2
511 447 2
449 448 2
450 449 2
451 450 -2
452 451 -2
453 452 2
454 453 -2
455 454 -2
448 455 2
457 456 2
458 457 -2
459 458 -2
460 459 -2
461 460 2
462 461 -2
463 462 -2
456 463 -2
465 464 -2
466 465 -2
467 466 -2
468 467 -2
469 468 -2
470 469 2
471 470 -2
464 471 -2
473 472 -2
474 473 -2
475 474 -2
476 475 2
477 476 -2
478 477 2
479 478 -2
472 479 -2
481 480 -2
482 481 2
483 482 2
484 483 -2
485 484 -2
486 485 2
487 486 -2
480 487 -2
489 488 2
490 489 -2
491 490 2
492 491 -2
493 492 2
494 493 -2
495 494 -2
488 495 2
497 496 -2
498 497 -2
499 498 2
500 499 2
501 500 2
502 501 2
503 502 -2
496 503 2
505 504 2
506 505 -2
507 506 -2
508 507 -2
509 508 -2
510 509 2
511 510 2
504 511 2
456 448 2
457 449 -2
458 450 -2
459 451 2
460 452 -2
461 453 2
462 454 -2
463 455 2
464 456 -2
465 457 -2
466 458 -2
467 459 2
468 460 -2
469 461 -2
470 462 -2
471 463 -2
472 464 -2
473 465 2
474 466 2
475 467 -2
476 468 -2
477 469 2
478 470 2
479 471 -2
480 472 -2
481 473 2
482 474 -2
483 475 -2
484 476 -2
485 477 2
486 478 -2
487 479 2
488 480 2
489 481 2
490 482 2
491 483 2
492 484 2
493 485 2
494 486 -2
495 487 2
496 488 -2
497 489 2
498 490 2
499 491 -2
500 492 -2
501 493 -2
502 494 -2
503 495 -2
504 496 2
505 497 2
506 498 2
507 499 -2
508 500 -2
509 501 2
510 502 2
511 503 2
448 504 -2
449 505 2
450 506 -2
451 507 2
452 508 -2
453 509 -2
454 510 -2
455 511 2
0 448 2
1 449 2
2 450 2
3 451 2
4 452 -2
5 453 2
6 454 2
7 455 -2
8 456 2
9 457 2
10 458 2
11 459 2
12 460 2
13 461 2
14 462 2
15 463 2
16 464 2
17 465 2
18 466 -2
19 467 -2
20 468 -2
21 469 2
22 470 -2
23 471 2
24 472 2
25 473 2
26 474 2
27 475 2
28 476 -2
29 477 -2
30 478 -2
31 479 2
32 480 -2
33 481 -2
34 482 2
35 483 -2
36 484 2
37 485 2
38 486 2
39 487 2
40 488 2
41 489 2
42 490 2
43 491 2
44 492 2
45 493 2
46 494 -2
47 495 -2
48 496 -2
49 497 -2
50 498 -2
51 499 2
52 500 2
53 501 -2
54 502 2
55 503 -2
56 504 -2
57 505 2
58 506 -2
59 507 2
60 508 2
61 509 2
62 510 2
63 511 -2
0 0 -2
1 1 2
2 2 0
3 3 -2
4 4 -4
5 5 0
6 6 -2
7 7 2
8 8 -2
9 9 -4
10 10 0
11 11 0
12 12 0
13 13 4
14 14 -2
15 15 0
16 16 -4
17 17 -2
18 18 2
19 19 2
20 20 0
21 21 -2
22 22 4
23 23 -4
24 24 -2
25 25 2
26 26 -4
27 27 -2
28 28 0
29 29 2
30 30 0
31 31 -4
32 32 2
33 33 4
34 34 -2
35 35 4
36 36 4
37 37 0
38 38 0
39 39 -2
40 40 0
41 41 0
42 42 0
43 43 0
44 44 -4
45 45 0
46 46 -2
47 47 0
48 48 2
49 49 0
50 50 0
51 51 -2
52 52 0
53 53 4
54 54 -6
55 55 0
56 56 -4
57 57 0
58 58 0
59 59 -4
60 60 -2
61 61 2
62 62 -2
63 63 0
64 64 0
65 65 2
66 66 2
67 67 4
68 68 -2
69 69 2
70 70 2
71 71 0
72 72 -4
73 73 2
74 74 0
75 75 -2
76 76 -6
77 77 2
78 78 2
79 79 0
80 80 2
81 81 0
82 82 2
83 83 -2
84 84 0
85 85 0
86 86 2
87 87 0
88 88 2
89 89 -6
90 90 -4
91 91 -2
92 92 2
93 93 2
94 94 0
95 95 0
96 96 0
97 97 2
98 98 2
99 99 -2
100 100 4
101 101 0
102 102 0
103 103 -2
104 104 2
105 105 4
106 106 0
107 107 -2
108 108 2
109 109 -4
110 110 -4
111 111 2
112 112 2
113 113 -2
114 114 0
115 115 -4
116 116 0
117 117 2
118 118 -4
119 119 4
120 120 2
121 121 0
122 122 2
123 123 2
124 124 -2
125 125 2
126 126 -2
127 127 0
128 128 0
129 129 4
130 130 2
131 131 0
132 132 0
133 133 -2
134 134 0
135 135 0
136 136 0
137 137 2
138 138 -2
139 139 -4
140 140 2
141 141 2
142 142 -2
143 143 -2
144 144 2
145 145 0
146 146 0
147 147 0
148 148 6
149 149 4
150 150 0
151 151 2
152 152 0
153 153 0
154 154 -2
155 155 -2
156 156 2
157 157 2
158 158 0
159 159 2
160 160 0
161 161 4
162 162 0
163 163 -2
164 164 4
165 165 4
166 166 2
167 167 0
168 168 2
169 169 4
170 170 2
171 171 0
172 172 -2
173 173 0
174 174 -4
175 175 0
176 176 4
177 177 0
178 178 0
179 179 0
180 180 0
181 181 0
182 182 0
183 183 0
184 184 2
185 185 0
186 186 -2
187 187 -2
188 188 -2
189 189 -2
190 190 0
191 191 -2
192 192 -2
193 193 0
194 194 0
195 195 0
196 196 2
197 197 0
198 198 -2
199 199 -2
200 200 0
201 201 -4
202 202 0
203 203 2
204 204 4
205 205 0
206 206 -6
207 207 -6
208 208 -2
209 209 2
210 210 -2
211 211 -2
212 212 -2
213 213 4
214 214 4
215 215 0
216 216 0
217 217 4
218 218 0
219 219 0
220 220 -6
221 221 2
222 222 2
223 223 0
224 224 0
225 225 2
226 226 0
227 227 -2
228 228 0
229 229 2
230 230 -4
231 231 0
232 232 -6
233 233 -2
234 234 -4
235 235 -2
236 236 -2
237 237 2
238 238 2
239 239 0
240 240 -4
241 241 2
242 242 2
243 243 2
244 244 4
245 245 4
246 246 4
247 247 2
248 248 -2
249 249 6
250 250 -4
251 251 -2
252 252 -2
253 253 -2
254 254 -2
255 255 0
256 256 0
257 257 2
258 258 6
259 259 -2
260 260 -6
261 261 0
262 262 4
263 263 -4
264 264 -6
265 265 2
266 266 2
267 267 -4
268 268 -4
269 269 -2
270 270 0
271 271 -2
272 272 2
273 273 2
274 274 2
275 275 -2
276 276 2
277 277 0
278 278 2
279 279 0
280 280 2
281 281 -4
282 282 -2
283 283 -2
284 284 -2
285 285 2
286 286 2
287 287 -2
288 288 2
289 289 4
290 290 4
291 291 -2
292 292 2
293 293 2
294 294 0
295 295 -4
296 296 0
297 297 0
298 298 2
299 299 -2
300 300 -2
301 301 4
302 302 -2
303 303 -4
304 304 -2
305 305 0
306 306 0
307 307 2
308 308 4
309 309 6
310 310 4
311 311 2
312 312 2
313 313 2
314 314 0
315 315 4
316 316 2
317 317 2
318 318 4
319 319 2
320 320 -2
321 321 0
322 322 0
323 323 -4
324 324 -4
325 325 -4
326 326 -4
327 327 0
328 328 0
329 329 4
330 330 0
331 331 -2
332 332 0
333 333 0
334 334 -4
335 335 2
336 336 -4
337 337 2
338 338 4
339 339 2
340 340 4
341 341 -6
342 342 -2
343 343 -2
344 344 -2
345 345 0
346 346 -2
347 347 -2
348 348 0
349 349 -4
350 350 2
351 351 -2
352 352 0
353 353 2
354 354 0
355 355 -2
356 356 2
357 357 -2
358 358 4
359 359 0
360 360 4
361 361 0
362 362 0
363 363 -6
364 364 2
365 365 2
366 366 0
367 367 -2
368 368 0
369 369 -2
370 370 2
371 371 -4
372 372 0
373 373 4
374 374 0
375 375 -2
376 376 6
377 377 4
378 378 2
379 379 -4
380 380 0
381 381 2
382 382 2
383 383 0
384 384 0
385 385 4
386 386 4
387 387 -2
388 388 -2
389 389 2
390 390 -2
391 391 -2
392 392 0
393 393 0
394 394 2
395 395 -2
396 396 2
397 397 2
398 398 2
399 399 -2
400 400 2
401 401 2
402 402 0
403 403 2
404 404 2
405 405 2
406 406 -2
407 407 0
408 408 2
409 409 -2
410 410 -4
411 411 2
412 412 -2
413 413 -2
414 414 -2
415 415 0
416 416 2
417 417 0
418 418 0
419 419 -2
420 420 -2
421 421 -2
422 422 0
423 423 -4
424 424 4
425 425 4
426 426 2
427 427 -2
428 428 2
429 429 4
430 430 4
431 431 0
432 432 -4
433 433 -4
434 434 -2
435 435 2
436 436 -2
437 437 2
438 438 2
439 439 0
440 440 -2
441 441 -4
442 442 -2
443 443 -2
444 444 -4
445 445 2
446 446 0
447 447 -4
448 448 -4
449 449 -2
450 450 2
451 451 0
452 452 2
453 453 0
454 454 2
455 455 -2
456 456 -2
457 457 2
458 458 4
459 459 -2
460 460 0
461 461 -2
462 462 4
463 463 2
464 464 2
465 465 0
466 466 4
467 467 4
468 468 6
469 469 0
470 470 0
471 471 2
472 472 4
473 473 -2
474 474 0
475 475 2
476 476 2
477 477 0
478 478 0
479 479 2
480 480 4
481 481 0
482 482 -4
483 483 0
484 484 0
485 485 -4
486 486 0
487 487 -2
488 488 -2
489 489 -2
490 490 -4
491 491 0
492 492 -2
493 493 0
494 494 4
495 495 2
496 496 0
497 497 0
498 498 -2
499 499 0
500 500 -2
501 501 -2
502 502 0
503 503 2
504 504 -2
505 505 -4
506 506 4
507 507 0
508 508 2
509 509 0
510 510 -4
511 511 -4
